# un archivo nuevo
Z <- 2+2
Z <- 2+2
Z <- 2+2
Z <- 2+2
Z <- 2+2
Z <- 2+2
Z <- 2+2
